local pg14
26-59-148-1-010T	635904.5608817342	2636982.859853041	POINT (635904.5608817342 2636982.859853041)
26-67-274-1-025T	998712.5284440337	2465602.484050402	POINT (998712.5284440337 2465602.484050402)
26-67-277-1-024T	1009591.0044444994	2465549.242946416	POINT (1009591.0044444994 2465549.242946416)
26-83-318-1-233T	923679.0676054392	1797435.5733223925	POINT (923679.0676054392 1797435.5733223925)


inv-dev
26-59-148-1-010T	635902.7969790436	2636981.3399718185	POINT (635902.7969790436 2636981.3399718185)
26-67-274-1-025T	998714.1453249642	2465605.412000464	POINT (998714.1453249642 2465605.412000464)
26-67-277-1-024T	1009592.7571774231	2465552.1302455296	POINT (1009592.7571774231 2465552.1302455296)
26-83-318-1-233T	923678.8040259287	1797434.9227489277	POINT (923678.8040259287 1797434.9227489277)


inv-bdd-dev ubuntu22
26-29-001-1-137T	49994.234973856706	2409088.1871712715	POINT (49994.234973856706 2409088.1871712715)
26-56-052-1-154T	204459.63163738148	2300455.3405552176	POINT (204459.63163738148 2300455.3405552176)
26-56-055-1-154T	212864.2484425337	2297565.633368239	POINT (212864.2484425337 2297565.633368239)
26-68-286-1-082T	978470.8390053438	2282560.3462352655	POINT (978470.8390053438 2282560.3462352655)
26-74-288-1-123T	942746.9588226596	2157753.279009073	POINT (942746.9588226596 2157753.279009073)


inv-bdd-dev ubuntu24
26-29-001-1-137T	49994.234973856706	2409088.1871712715	POINT (49994.234973856706 2409088.1871712715)
26-56-052-1-154T	204459.63163738148	2300455.3405552176	POINT (204459.63163738148 2300455.3405552176)
26-56-055-1-154T	212864.2484425337	2297565.633368239	POINT (212864.2484425337 2297565.633368239)
26-68-286-1-082T	978470.8390053438	2282560.3462352655	POINT (978470.8390053438 2282560.3462352655)
26-74-288-1-123T	942746.9588226596	2157753.279009073	POINT (942746.9588226596 2157753.279009073)


local pg17
26-29-001-1-137T	49995.71397013612	2409091.536112412	POINT (49995.71397013612 2409091.536112412)
26-56-052-1-154T	204459.16161044044	2300459.1686061737	POINT (204459.16161044044 2300459.1686061737)
26-56-055-1-154T	212863.61452420618	2297569.281032148	POINT (212863.61452420618 2297569.281032148)
26-68-286-1-082T	978469.843054678	2282559.2453405764	POINT (978469.843054678 2282559.2453405764)
26-74-288-1-123T	942746.843499454	2157752.6070691226	POINT (942746.843499454 2157752.6070691226)^
------------------------------------------------------------------------------------------------------------------------------------------------------
comparaison noeud:

local pg17
29502-F0050-7-1T	3	50201.47902172094	2408603.3489372293	0.7057650515848146	0.011812824817214018
29502-F0060-6-8T	4	51201.44315416727	2411603.3498264304	0.18595060875770852	0.3106215852570644
29502-F0090-6-9T	9	54201.43785596662	2410603.3752112454	0.7250383957833846	0.3796499402460418
29502-F2080-8-2T	13	73201.49895882502	2397603.5343026794	0.053529345754053104	0.6981823762256891
29502-F2090-7-9T	17	74201.46177171648	2400603.5385055486	0.35749520971246374	0.19049245988620256
29502-F3000-7-6T	23	75201.42209058255	2403603.5479123513	0.3852845218751988	0.6815376912663791
29503-F3000-1-6T	27	75201.7039642249	2363603.7050251644	0.3553936095085559	0.5483768874469255
29502-F3010-7-3T	33	76201.38132949336	2406603.560027431	0.5250705357705743	0.42763407087763117
29502-F3010-8-3T	38	76201.49706127687	2396603.559344048	0.1472591831276191	0.22538526934592773
29502-F3020-7-0T	45	77201.34149461775	2409603.5717677753	0.2565119084341203	0.8981208931518379

inv-bdd pg17
29502-F0050-7-1T	3	50200.00002544152	2408599.999996089	0.7057650515848146	0.011812824817214018
29502-F0060-6-8T	4	51200.00002542976	2411599.999996107	0.18595060875770852	0.3106215852570644
29502-F0090-6-9T	9	54200.00002542883	2410599.9999961145	0.7250383957833846	0.3796499402460418
29502-F2080-8-2T	13	73200.0000254478	2397599.9999961588	0.053529345754053104	0.6981823762256891
29502-F2090-7-9T	17	74200.00002543535	2400599.9999961727	0.35749520971246374	0.19049245988620256
29502-F3000-7-6T	23	75200.00002542266	2403599.999996192	0.3852845218751988	0.6815376912663791
29503-F3000-1-6T	27	75200.0000255719	2363599.9999960423	0.3553936095085559	0.5483768874469255
29502-F3010-7-3T	33	76200.0000254102	2406599.999996205	0.5250705357705743	0.42763407087763117
29502-F3010-8-3T	38	76200.00002544641	2396599.9999961685	0.1472591831276191	0.22538526934592773
29502-F3020-7-0T	45	77200.00002539664	2409599.999996221	0.2565119084341203	0.8981208931518379

test-inv-prod
29502-F0050-7-1T	3	50200.00002544152	2408599.999996089	0.7057650515848146	0.011812824817214018
29502-F0060-6-8T	4	51200.00002542976	2411599.999996107	0.18595060875770852	0.3106215852570644
29502-F0090-6-9T	9	54200.00002542883	2410599.9999961145	0.7250383957833846	0.3796499402460418
29502-F2080-8-2T	13	73200.0000254478	2397599.9999961588	0.053529345754053104	0.6981823762256891
29502-F2090-7-9T	17	74200.00002543535	2400599.9999961727	0.35749520971246374	0.19049245988620256
29502-F3000-7-6T	23	75200.00002542266	2403599.999996192	0.3852845218751988	0.6815376912663791
29503-F3000-1-6T	27	75200.0000255719	2363599.9999960423	0.3553936095085559	0.5483768874469255
29502-F3010-7-3T	33	76200.0000254102	2406599.999996205	0.5250705357705743	0.42763407087763117
29502-F3010-8-3T	38	76200.00002544641	2396599.9999961685	0.1472591831276191	0.22538526934592773
29502-F3020-7-0T	45	77200.00002539664	2409599.999996221	0.2565119084341203	0.8981208931518379

----------------------------------------------------------------------------------------------------------------------
comparaison pts_new

local pg17
26-01-244-1-134T	212123	800494.2668095154	2168748.522601498
26-01-244-1-135T	211768	799697.560743093	2166007.84612356
26-01-244-1-136T	211413	798614.1602650185	2162883.0580038335
26-01-244-1-137T	211057	797152.3450055079	2159120.9429060165
26-01-244-1-138T	210702	796506.7734139995	2156523.8835378126
26-01-244-1-139T	210346	795533.4828898625	2153180.91918965
26-01-244-1-140T	209990	793873.1026844728	2150372.711783078
26-01-244-1-141T	209634	793100.3374157391	2147520.6635795617
26-01-244-1-142T	209278	791963.9916975109	2144126.4539858634
26-01-244-1-143T	208921	791069.0065046068	2141708.2619248778

inv-bdd pg17
26-01-244-1-134T	212123	800494.5682587824	2168749.3428439926
26-01-244-1-135T	211768	799697.8535611472	2166008.6397429984
26-01-244-1-136T	211413	798614.438896515	2162883.8219894916
26-01-244-1-137T	211057	797152.6038926655	2159121.674254439
26-01-244-1-138T	210702	796507.0015290877	2156524.5913347565
26-01-244-1-139T	210346	795533.6824039251	2153181.6045412887
26-01-244-1-140T	209990	793873.2773217581	2150373.3724144395
26-01-244-1-141T	209634	793100.4908994405	2147521.2972173295
26-01-244-1-142T	209278	791964.1205558514	2144127.0830115094
26-01-244-1-143T	208921	791069.1141272817	2141708.8840369093













